Layer Name: conv2d_27
Layer Shape: (None, 30, 30, 48)
Layer weights: [-16.   2. -27. ...  25.  16. -49.]
Layer bias: [ -63.  -64.  -63.   48.  -96.  -65.  -62.  -68.  -64.  -90.  -56.   19.
  -67.   73.  -77.  -62.  -44.   20.  -77.   69.  -89.  -54.  -50. -101.
  -65.  -63.  -97.   51.  -87.   74.  -89.   10.  -61.  -76.  -51.   12.
  -65.  127.  -62.  -70.   -3.  -66.  -66.  -61.  -97.  -82.  -21.  -62.]

Layer Name: conv2d_28
Layer Shape: (None, 28, 28, 128)
Layer weights: [ -26.   77.   46. ...  -55. -109.  102.]
Layer bias: [ -57.    5.  -50.  -30.  -82.  -51.  -50.  -75.  -48.  -52.    8.  -66.
  -32.  -98.   33.   16.  -75.   92.  -52.  -74.  -52.  -65.  -51.  -51.
   38.  -88.  -49.   46.  -50.  -63.  -60.  -51.   90.  -65.  -50.  -84.
  -66.  -51.  -48.   24.  -72.  -51.   28.  -59.  -51.   64.  -81.   42.
  -53.  -64.  -52.  -51.  -73.  -82.  -54.   -4.   67.   47.    9.   94.
  -61.  -43.   16.  -51.  -30.  -73.  -20.  -45.  -51.  -54.  -50.  -73.
   10.   50.  -76.   68.  -44.  -75.  -73.  -17.   34.   -1.  -73.   42.
  -20.  -51. -121.   39.  -51.  -98.  -52.  -11.  -94.  -50.  -54.  -39.
  -71.  -62. -106.  -51.   19.  -95.  -73.  127.  -69.   98.  -50.   59.
   74.  -50.   89.  -73.  -51.   62.  -52.  -52.  -51.  -53.  -75.  -88.
  -52.  -67.  -36.  -21.   -4.  -74.  -51.   40.]

Layer Name: conv2d_29
Layer Shape: (None, 26, 26, 88)
Layer weights: [ 60. -58.  67. ... -51.  80.  65.]
Layer bias: [  55.  102.  -55.  -94.  -56.  -54.  -52.  -65.  -32.  -54.  -54.  -24.
  -78.   23.  -37.  -60.  -29.  -53.   86.   43.  -55.  119.  -52.  -55.
  -82.  -80.  -81.  -20.   99.  -55.   40.   81.   20.  -38.  -55.  127.
  -64.  -79.  -49.  -78.  -89.  -56.  -79.  -55.  -54. -126.  -52.  -86.
   58.  -55.  103.  -76.  -54.   18.   -2.  -55.  -79.  -55.  -55.  -55.
  -55.  -55.  -72.  -91.  -56.  -58. -101. -112.  -55.  -51.  -54.   26.
   -2.  -55.  -50.  -79.  -82.  -53.  -27.   60.  -55.  -55.  -68.  -79.
   36.  -55.  -79.  -78.]

Layer Name: conv2d_30
Layer Shape: (None, 24, 24, 68)
Layer weights: [ -98.  -42.   84. ...   18.  -14. -100.]
Layer bias: [ -49.  -27.  -68.  -64.  -19.  -50.  -49.  -72.  -61.  -75.  -42.   33.
  -49. -120.   66.  -67.  -19.  -81.  -52.  -50.  -49.   80.  -97.   85.
   13.  -74.  -40.  -70.   39.  -66.  -56.  -17.   79.  -76.  -81.   45.
   57.  -77.  -49.  -74.  -50.  -56.  -75.  -53.  -49. -128.  -76.  -26.
  -50.  -49.  -50.  -44.  -19.  -76.  -50.  -83.    4. -128.   49. -109.
  -52.  -57.  -49.  -73.  -85.  -76. -119.  -53.]

Layer Name: conv2d_31
Layer Shape: (None, 22, 22, 182)
Layer weights: [ 87. -45.  43. ...   0. -21.  26.]
Layer bias: [  87.  -61.  -96.  -13.   67.  -47.  -13.  -36.  -48. -128.   19.  -91.
  -69.   49.  -45.  -26. -128. -103.  -18.  -46.  -39.  -62.   33.  -82.
   54.  -62.  104.  -72.  -46.   40.  109.  -29.  -45.  -47.   53.  -45.
   57.  -44.   14.  -50. -112.  -63.  -70.  -62.  -21.  -79.  -48.   94.
   -4.  -63.   17.  -21.  -74.  -11.  -72.  -23.  -26.  -13.  -45.  -49.
   29.  -46.  -46.  -45.  -79.  -45.  -46.   57.  -31.  -63.  -60. -108.
  -55.  -71.  -89.  -48.  -71.   22.  -46.  -47.  -70.  -27.  -32.    2.
  -26.   74.  -27.  -47.   49.   14.   60.   31.  -64.  -63.  -46.  -61.
  -48.  -63.  -32.  -68.   -2.   62.  -47.  -13.  -59.  -70.  -46.  -76.
  -86.  -52.  -45.  -69.  -68.  -69.   56.  -87.   57.  110.  -46.  -45.
  -71.  -72.  -59.  -48.   -6.  -83.   73.   76.   40.  -45.  -46.  -48.
  -46.  -69.  -70.  -45.  -69.    9.  -86.  -45.  -46.  -89.  -77.  -24.
  -62.  -12.  -68.  -47.  -69.  -95.  -32.  -47.   16.  -69.   74.   18.
   41.  -29.   -1.  -45.  -59.  -84.  -45.   66.  111.  -46.  -51.   18.
 -128.   50.  -16.  -46.  -10.  -46.  -68.  -14.   45.   26.  -46.  -45.
  -78.  -69.]

Layer Name: conv2d_32
Layer Shape: (None, 20, 20, 80)
Layer weights: [   1.  -95. -106. ...   90.  -45.   66.]
Layer bias: [  73. -110.   67.  -72.  -67. -109.  -93.   19.  -98.  -73.  -73.  -72.
  -72.  -76.  -75.  -83.  -98.  -72. -104.   39.   34. -108.   77. -107.
  -72.  -77.  -72.  -62.  -95.  -74.  -99.  -72.  -70.   31.  -71.  -98.
  -98.  -72. -128.  -72.  -78.  -39.   18.  -72. -128.  -88.  -71.  -70.
  -72.   93.    1.  -68. -116.  -72.  -87.  -85.  -73.  -72. -128.   54.
  -70.  -75.  -97.  -73.  -72. -120.  -72.  -72.  -69.  -76.  -96. -128.
   49.  -72.  -69.  -98.  -72.  -53.  -41.  -34.]

Layer Name: conv2d_33
Layer Shape: (None, 18, 18, 112)
Layer weights: [   0. -109.  -41. ...   16.   26.  -99.]
Layer bias: [ -60.  -80.   94.  -30.  -47.  -19.   67.  -30.  -78.  -35.   -1.  -38.
  -93.  -49.  -49.  -90. -110.  -10.  102.  -63.   92.   -7.  109.  -96.
  -49.   27.  -56.  -47.  -46.  -45.  -70.  -15.  -22.  -47.  -86.    3.
  -63.  -49.  -43.  -14.  -36.   27.   22.  -50.  -47.  -49.   -1.  -31.
    3. -128.  -47.   47.  -11.  -47. -128.  -47.  -27.  -49.  -49.   68.
  -47.  -61.  -72.  -68.  -51.  -85.  -55.  -48.  -59.  -52.  -41.  -72.
  -88. -106.  -66.  -48.  -37.  -95.  -28.   35.  -53.   32.  -24.  -47.
  -46.   89.  -66.  -62.  -73.   34. -128.    5.  -54.  -48.  105.  -97.
   63.   -1.  -29.   55.  -47.  -48.   -4.    4.  -94.  -92.  -68.    3.
  -49.  -81.  -49.  -67.]

Layer Name: conv2d_34
Layer Shape: (None, 16, 16, 40)
Layer weights: [ 52.  43. -28. ...  28. -26.   8.]
Layer bias: [-128. -128. -128. -117. -128. -128.  -98. -128. -128. -128. -128. -128.
 -128. -128. -128. -128. -128. -128. -128. -128. -128. -128. -128. -128.
 -128. -128. -128. -128. -128. -128. -128. -128. -128. -128. -128. -128.
 -128. -128. -128.  -48.]

Layer Name: conv2d_35
Layer Shape: (None, 14, 14, 256)
Layer weights: [ 38. -11.  84. ... -15. -36. -35.]
Layer bias: [-128. -128. -128.  -66.  -76. -128. -102.  -92.  -49.  -56. -128. -128.
 -128. -128. -128. -128. -100. -128. -128.  -69. -128. -100.  -68. -128.
  -21. -128. -128. -128.  -94.  -55. -104. -125.  -69.  -63. -128. -120.
 -128. -128. -122. -128.  -59.  -84. -128. -128.  -93.  -51. -128. -128.
 -127. -128. -128. -100. -128. -128.  -95. -106.  -98.  -49. -128. -128.
  -72.  -78.  -96. -128. -128. -128.  -56. -128.  -93.  -75.  -91. -128.
  -19. -128. -113. -125. -128. -125. -120. -128. -128. -128. -124. -128.
 -128. -128. -128. -128. -128.  -98. -111. -128.  -83. -128.  -69. -117.
 -101. -128. -128. -111. -106. -114. -107. -112.  -86. -120. -128. -128.
 -128. -128.  -98.  -98. -128.  -99.  -55.  -67. -128. -128. -128.  -67.
  -82. -128. -128.  -97. -128. -128. -128. -128. -128. -128.  -98. -128.
 -128. -128. -128. -128. -128.  -41. -128. -128. -128.  -87.  -64. -128.
 -128. -128. -128. -128. -128.  -94. -128.  -78. -128. -128.  -80.  -81.
 -100. -107. -128. -126. -128.  -68.  -86. -128.  -96. -128. -128. -100.
  -61.  -76.  -96. -128. -110.  -35. -128. -115. -102. -128.  -70. -128.
 -109.   -6. -128. -128. -101.  -54.  -90. -128.  -95. -128.  -88. -128.
 -115. -110. -128. -128. -102.  -27.  -33. -128. -128. -128.  -88. -128.
 -128. -128.  -95. -128. -117. -121.  -97. -128.  -96. -128. -128. -128.
 -128. -128. -117. -128. -100. -128. -115.  -87. -110.  -80.  -87. -106.
 -128. -112.  -14. -128. -128. -128. -128. -102.  -73. -128. -122. -128.
 -128. -128. -128. -128.  -10. -128. -111.   -9. -128.  -91. -128.  -99.
 -128. -128. -128. -102.]

Layer Name: dense_3
Layer Shape: (None, 10)
Layer weights: [  3.  39.  -3. ...  -3. -20.  37.]
Layer bias: [-128.  -34.  -22.   -6.   15.  -50.   26.   83.  -72.  127.]

