Layer Name: conv2d
Layer Shape: (None, 30, 30, 120)
Layer weights: [ 12. -57.  54. ... -60. -68. -54.]
Layer bias: [ -31.  -84.   64.  -18.  -18.  -29.  -29.  -42.  -31.  -21.   73.  -27.
  -76.   -8.  -46.  -35.  -10.   61.   -8. -112.   -4.  -25.  -90.  -30.
  -68.  -94. -103.  -57.  -36.   -8.    4.  -52.  -18.  -11.  -29.  -15.
  -36.  -69.  -56.  -28.  -80.  -53.  -42.  -44.  -39.  -41. -122.   31.
  -23.  -15.  -75.  -43.  -76.  -36.  -59.  -29.  -50.  -53.   11.  -27.
  127.  -89.   41.  -39.  -33.  -34.  -32.  -44.  -12.  -45.  -82.   16.
  -30.  -45.   18.   32.  -24.   61.  -42.   67.  -28.   74.  -36.  -13.
  -29.  -24.  -46.  -37.  -13.  -73.  -20.  -45.  -29.  -36.  -25.  -33.
  -15.  -57.  -30.  -24.  -36.  -36.  -69.  -18.  -33.  -58.  -22.   22.
   37.  -30. -102.  -50.  -26.  -28.   -2.  -27.  -44.  -42.  -26.  -42.]

Layer Name: conv2d_1
Layer Shape: (None, 28, 28, 88)
Layer weights: [19. 45. 16. ... 47. 45.  6.]
Layer bias: [ -30.  -25.  -35.  -13.  -39.  -35.  -70.   46.  -26.  -29.  -53.  -19.
  -40.  -15.  -98.  -62.  -82.  -35.  -38.   31.  -48.  -67.  -70.  -24.
   -6.  -64.  -25.  -23.  -34.  -83.  -39.  -57.  -21.  -23.   90. -125.
  -96. -128.  -46.  -26.  -35.  -40.  -58. -125.  -29.  -44.  -72.  -17.
  -95.  -32.  -25.  -48.  -75.  123.  -20.   40.  -64.  118.  -37.  -57.
  -13. -100.  -85.  -46.  -43.  -15.  -23.  -35.  107.  -31.  -36.  -94.
  -23.  -13.  -21.  -41.  -12.   21.   36.  -53. -128.  -20.  -52.  -40.
    0.    7.  -24.  -42.]

Layer Name: conv2d_2
Layer Shape: (None, 26, 26, 136)
Layer weights: [43. 24. 20. ... 20. 22. 34.]
Layer bias: [ -33.  -17.  -18. -118.  -21.  -64.  -62.  -35.  -37.   25.   -8.  -80.
  -18.  -85.   -8.  -33.  -11.  -34.  -30.  -14.  -43.  -21.  -15.  -75.
   52.   27. -128.  -17.    1.  -40.  -18.  -15.   77.  -25.   -9.  -12.
   22.  -10.    1.  -18.   -7.  -28.  -42.  -12.  -22.  -38.  -48.  -13.
   36.  -12.  -91.  -76.  -16.  -15.   -4.  -62.   -4.   97.   62.   33.
   27.   20.    3.  -13.  -15.    4.  -51.  -18.   -6.  -33.  -63.  -55.
  -45.  -80.  -46.    1.  -61.  -49.  -47.   54.   10.    3.  -24.   44.
  -30.  -69.    9.   -8.  -40.  -29.   23.   42.  -25.    4.  -58.    4.
 -102.   55.  -74.   -7.  -51.   10.  -12.  -60.  -33.  -28.  -15.   19.
   22.   23. -128.  -41.  -41.  -88.  -33.  -59.  -35.   -8.  -23.  -29.
  -43.   11.  -66.  -69.   39.  -24.  -23.  -42.  -15.  -24.  -13.   76.
  -33.  -23.  -27.   37.]

Layer Name: conv2d_3
Layer Shape: (None, 24, 24, 54)
Layer weights: [ 18.  18.   2. ... -30.  12.   0.]
Layer bias: [  88.   54.  -33.  -39.   68.  -47.  -54.  -39.  -22.  -73.   46.  -54.
   10.  -74.  -97.   95.  -29.  -58.  -26.  -79.  -41.  -30. -120.   13.
 -128.  -43. -128.   26.   46.  -37.  -22.  -44.  -51.   -9.  -39.   40.
  -13.  -63.  -77.  -89.  -26.  -27.  -43.   42.  -56.  -29.  -55.  -59.
  -43. -107. -128.   -6.  -12.  -62.]

Layer Name: conv2d_4
Layer Shape: (None, 22, 22, 100)
Layer weights: [40. -4. 16. ... 61. 36. 34.]
Layer bias: [ -30.    8.   25.  -49.  -15.  -17.  -42.  -29.  -20.   -5.   -2.  -10.
    7.  -12.  -17.   18.    8.    7.   -7.  -67.   16.  -52.   27.  -49.
   -5.  -51.  -30.  -21.  -47.  -91.   10.   27.  -17.  -17.    4.  -12.
  -54.  -32.  -15.   13.  -36.  -22.  -21.    2.   92.  -18.   37.  -17.
   49.  -67.   33.  -26.  -30.   -9.   42.  -33.   61.  -14.  -10.   -4.
   34.  -29.  -11.   25.  -19.  -15.   -7.  -18.  -55.  -36.   -1.  -15.
  -30.  -32.  -45.   -6. -128.  -45.    4.   28.  -48.  -22.  -12.   28.
   37.   49.   -4.   11.   14.  -69.  -31.  -40.   23.  100.  -44.  -18.
  -45.   -8.   -7.   25.]

Layer Name: conv2d_5
Layer Shape: (None, 20, 20, 96)
Layer weights: [  6.   0.   2. ... -23.  -6.  16.]
Layer bias: [ -33.  -27.  -45.  -48.    1.    3.  -80.  122.  -31.  -20.   69.   -5.
   10.  -28.  -64. -108.  -84.  -18.   43.  -54.  -37.  -67.  -12. -106.
   16.   83.  -40.  -26.  -47.  -48.  -60.  -35.   36.  -27.  -49.  -40.
  -19.    8.  -64.   57.  -37.  -77.   71.  -62.  -50.  -26.  -39.  -33.
  -31.  -78.  -32.  -31.  -28.  -57.  -55.    0.  -52.  -47.  -85.  -71.
    4.  -57.   72. -110.  -49.   11.  -50.   21. -128.  -28.  -36.  -70.
   34.    5.   -7.  -24.   15.  -64.  -31.  -21.  -82.   14.  -55.  -44.
  -98.  -12.  -38.  -51.  -71.  -44.   15.  -52.    6. -128.    1.  -22.]

Layer Name: conv2d_6
Layer Shape: (None, 18, 18, 32)
Layer weights: [  6. -18.   2. ... -12. -24.  -3.]
Layer bias: [ -88.   77.  127.   42.  -71.  118.   55. -105.  -49. -104.  113.   18.
  -91.  -43.  115.  -52. -126.    8.  -94.  -15.  -49.  -82.  -20.  -22.
  -56. -100.   67.  -96.  -95.   30.  -36.  -24.]

Layer Name: conv2d_7
Layer Shape: (None, 16, 16, 12)
Layer weights: [ 20. -26.  -9. ...  35. -21. -42.]
Layer bias: [127. 127.  25. 127. 127.  -9.  -7.  15.  35.  88. -40.  30.]

Layer Name: dense
Layer Shape: (None, 10)
Layer weights: [ 11.  20.  53. ...   7. -53.  86.]
Layer bias: [ -68.  -60. -103.   41.  -23.   11.   28.  -79.  127.    7.]

