Layer Name: conv2d
Layer Shape: (None, 30, 30, 118)
Layer weights: [-73. -36.  51. ... -11.  12. -86.]
Layer bias: [ -80.  -30.  -45. -102. -125.  -44.  -83.  -58.  -52.  -86.  -34.   79.
  -61.  -68.   16.  -33.  -55.  -89.    7. -112. -121.    1.  -39.  -74.
  -33.  -49.   -4.  -86.  -19.   -5.  -35.  -89.  -39.  -29. -102.  -17.
  -33.  -93. -107.  104.  -54.   -2.  -74.    4. -109.  -37.  -26.   29.
  -63. -121.   -4.  -74.  -25.  -13.  -91.  -50.  -60.  -47.    4.  -50.
  -32.  -59.  -71. -110.  -61.  -18.   39.   50.  -32.  -95.  -42.    6.
  -39.    4.   17.  -23.   -6.  -41.  -28.   46.   72.  -48.  -19.  -21.
 -108.  -52.  -27.  -41.  -64.  -44.  -18.  -41.  -29.  -13.   71.   16.
  -63.  -58.  -18.  -13.  -41.  127.  -34.  -29.  -18.  -94.  -53.  -19.
  -65.  -91.   -8.   89.   86.  -51.  -35.    2.  -83.  -72.]

Layer Name: conv2d_1
Layer Shape: (None, 28, 28, 96)
Layer weights: [ 83. -37. 100. ...  -3.  19. -43.]
Layer bias: [  -8.  -32.  -50.   -1.  -49.  -69.  -47.   -8.  -94.  -18.  -24.  -41.
  -44. -128.  -35.  -55.  -34.  -93. -121.  -37.  -62.  -27.  -42.  -25.
  -29.  -26.  -55. -115.  -59.  -30.  -41.   -1.   21.  -22.  -32.  -23.
    0.  -37.  -17.   98. -100.  -45.  -47.  -54.  -20.  -27.   63.   13.
   -3.  -33.  -36.  115.   10.  -47.  -28.  -32.  -43.  -47.  -41. -101.
   -7. -115.   54.   62.   38.  -39.  -17. -119.   20.  -33.  -25.  -35.
  -34.  -32.   77.  -19.  -23.  -47.  -32.  -41.  -16.  -24. -106.  -27.
  -27.  -17.  -27.  -13.  -40.  -16.  -25. -108.  -41.  -34.  -31.  -28.]

Layer Name: conv2d_2
Layer Shape: (None, 26, 26, 64)
Layer weights: [ 21. -22.  17. ... -71. -56. -16.]
Layer bias: [-105.  -42.  -48.  -98.  -25. -126.   -1. -128.  -38. -128.  -49.  -61.
   14.  -69. -128.  -42.    0. -116.  -27.  -48.   -7.  -27.   35.  -29.
  -28.  -61.  -43.  -42.  -49.  108.  -35. -127.  -70.  -27.  -29.  -28.
  -42.    6.  -28.  -87. -121.  -37.  -69.    1.  -37.  -27.    8.   -5.
   -4.  -26.  -81. -102.   31. -108.  -27.  -36.  -40. -124.  -12.  -28.
 -128.  -47.  -40.  -37.]

Layer Name: conv2d_3
Layer Shape: (None, 24, 24, 132)
Layer weights: [-41. -80. -80. ...  74.  64.  67.]
Layer bias: [ -17.  -46.  -14. -125.  -34.  -19.  -32.  -25.  -92.  -68.  -14.   48.
  -38. -125.  -30.  -82.  -44. -103. -128. -128.  -14.  -38.  -39. -128.
  -54. -107.  -32. -124. -111. -128.   -9.  -69.  -25. -128. -101.  -15.
  -46.  -24.  -29.  -15.   71.  -12.  -85.  -27.   56.   19.    5.  -43.
  -82.   -7.  -26.  -34.  -11.  -35.   80.  -17.  -75.  -14.  -43.   23.
  -58.  -48.  -17.  -58.  -44.  -64.  -91.   54.  -16.  -19.  -36.  -83.
  -36.  -85.   61.    9.  -43.  -11.  -36.  -90.  104.  -81.  -68. -127.
  -18.  -26.  -29.  -77.   31.   -1.    4. -113.   11.   12.  -35.  -26.
  -28.  -60.  -99. -101.  -45. -116.  -90.  -13.  -13.  -18. -128.   35.
  -12.  -17.  -35. -111.   50.  -61.  -85.  -39.  -43.  -17.   -1.    5.
   71.  -16.    5.  -85.  -72.  -24.  -57.  -71. -102.  -94.  -16. -119.]

Layer Name: conv2d_4
Layer Shape: (None, 22, 22, 84)
Layer weights: [-74.  38.  26. ...  22. -81. -42.]
Layer bias: [ -37. -122.  -94.  -78. -128.  -71. -128.  -60.  -58.   30. -128.  -36.
  -24.  -86.  -34.  -62.  -66.  -30.  -54.  -61.  -28.  -51.  -14.  -58.
  -84.  -15.  -87.  -53.  -22.  -61.  -34. -128.  -36.  -56.  -44.  -33.
  -74.    1.  -42.  -97.  -74.  -57.  -34.  -37. -128.  -76.  -52.  -54.
  -30. -128.  -94.  -23.  -33.   -7.  -61.  -42.  -25.  -86.  -13.  -18.
  -27.  -49.   -3.  -28.  -60.  -58.  -71.  -73.  -48.   33. -128.    0.
  -53.  -53.  -54.  -65. -120.   43.  -40.  -65.  -33. -128.  -25.  -34.]

Layer Name: conv2d_5
Layer Shape: (None, 20, 20, 156)
Layer weights: [-19. -25. -58. ...  38.  40. -70.]
Layer bias: [ -15.  -85.  -71.  -24. -123.  -96.  -88.  -19.  -29.  -34.    4.  -15.
  -24.   36.    6.  -34.    3.  -26.  -23.  -18.  -21.  -73.  -16.  -18.
  -77.   -1.  -42.  -77.   -7.   -7.  -22.  -17.  -24.   44.  -75.   41.
  -21.  -55.  -37.  -35.   -6.   -6. -104.  -82.  -77.   -6.   88. -100.
  -22.  -56.  -18.  -72.  -78.  -21.   26.  -85.   94.  -61.  -15. -108.
  -28.  -99.  -20.    2.    1.   12.  -48.  -16.  -16.   -7.  -11.  -86.
  -65.  -17.  -19.   10.   -9.  -67.  -36.  -33. -128.  -78.  -73.  -59.
   11.  -26.  -32.  -15.  100.  -27. -128.  -26.   12.   -4.  -24.  -69.
   -3.  -26.  -28.  -91.  -87.  -91.  -49.  -29.  -48.  -35.   17.  -83.
    2.  -81.  -15.  -17.  -84.  -18.    2.  -58.  -17.   -1.  -17.  -38.
   -9.  -62.  -22.    8.  -26.   -1.  -18.  -14.  -19.    0.   -5.  -31.
  -59.   -5.  -88.    2.  -83.    3.  -12.  -27.  -94.    4.  -20.  -49.
  -37.  -20.  -58.  -74.    4.  -17.  -99.    8.  -63.   12.  -64.   -9.]

Layer Name: conv2d_6
Layer Shape: (None, 18, 18, 128)
Layer weights: [-19. -50.  62. ...   0.  67.  68.]
Layer bias: [ -84.  -24.  -27. -124.  -45.   79.  -40.  -20.  -27.  -29.  -16. -117.
  -29.  -26.  -12.   -3.  -28.  -28.  -11.  -53.  -43.  -18.  -27.  -57.
  -83.  -41.  -51.  -82.   -9.  -18.  -19.  -69.  -11.  -27.  -27.  -16.
  112.  -80.   -9.  -54.  -38.  -26.  -71.  -34.  -30.  -46.  -27.  -39.
  -28.   52.  -27.  -19.   -4.  -92.  -93.  -78.  -38.  -29.  -29.  -27.
  -55.  -37.  -16.  -14.  -25.  -21.   10.   -2.  -41.  -27.  -36.  -41.
  -57.  -28.  -15.  -89. -123.   47.  -32.  -30.  -33.  -18.  -93.  -92.
  -17.  -30.  -30.  -53.  -89.  -10.  -17.  -24. -106. -128.  -28.  -17.
  -13.  -27.  -27.  -27.  -63.  -31.  -20. -102.  -30.  -26.  -35.  -33.
  -29.  -16.  -27.   41.  -16.  -24.  -41.  -96. -114.   -3.  -23.  -14.
  -38.  -27.   -4.  -35.  -17.  -27.  -15.  -41.]

Layer Name: conv2d_7
Layer Shape: (None, 16, 16, 102)
Layer weights: [ 23.  89. -16. ...  41.  11. -13.]
Layer bias: [ -81.  -23.   -5.    6.  -28.   16.  -14.  -10.  -75.  -32.  -28.   -3.
   -4.    0.  -21.  -63.  -23.  -36.  -12.  -27.  -35.   88.  -27.    2.
  -16.  -22.  -35.  -22.    8.   67.   62.    2.  -18.  -19.  -30.  -19.
   30.  -63.  -24.  -81. -107.  -19.  -96.  -19.   -8.  -16.    4.   -9.
    3.   -3.   53.  -57.  -19.   -7.    0.  -26.  -15.   -5.   -9.  -42.
    0.  -54. -117. -122.  -23.   69.  -49.  -47.  -20.  -35. -110.  -34.
  -19.  -67.  -27.  -54.  -96.  -22.   -4.    7.  -18.   -2.  -24.   -3.
  -70.  -30.  -25.   -1.   -2.   -9. -128.  -24.    9.   -9.  -15.   -8.
  -11.   -4.  -88.   -3.  -19.  -20.]

Layer Name: conv2d_8
Layer Shape: (None, 14, 14, 54)
Layer weights: [ 55.  38. -29. ... -47.  -8. -46.]
Layer bias: [ -28. -128. -102. -101.  -59.   -5.   55.   10. -122.  -35.  -44.   36.
    8.   71.  -20.  -71.  -29. -124. -102.  -41.   97.  -17.  -93.  -97.
    5.  -72.  -54.  -96. -121.  -36.   -3.   42.  -51.  -54.  -36.  -34.
  -13.  -31.   75.  -19. -100.  -96.   -1.  -24.   -9. -107.    1.  -11.
  -97.   -4. -128.  -19.  -44.  -84.]

Layer Name: conv2d_9
Layer Shape: (None, 12, 12, 96)
Layer weights: [ 34. -11. -88. ... -74.  68.  61.]
Layer bias: [   0.  -35. -128.    7.    1.  -46.  -80. -128.  -34.  -95.  -48. -128.
  -14.  -41.  -64.  -50.  -41.  -34. -128.  -98. -128.  -22.  -36. -128.
  -67. -128.    1.  -24.  -34.  -34.  -34.  -70. -128.  -42.   17.  -85.
 -128. -111. -128.  -48.  -82.  -78. -111. -128.  -68.  -41.  -34.  -47.
 -116.  -38.  -64. -128.  -51. -128. -128. -128. -128.  -23. -109. -103.
  -38.  -11.  -18.  -35.  -23.  -23.  -56. -128. -118. -126.  -10.  -15.
  -53.  -41.  -96. -123. -102.  -49. -128. -128.  -58.  -56.  -31.  -73.
 -128. -128.  -28.  -51.  -27. -128. -119. -128. -128.  -54.  -97. -128.]

Layer Name: dense
Layer Shape: (None, 100)
Layer weights: [ 16. -28.   2. ... -30.  53.  40.]
Layer bias: [ -24. -112.  -88.   -9.  -55.  -68.  -77.  -36.   67.   81.  -38.   44.
  -25.  -14.   26.  -12.  -42. -100.   88. -109.   21.   45.  -16.  -58.
    2.   56.  -90.  -66.   27.  -28. -128.   37.  -77.   -8.  -65.   14.
  -36.   31.   19.   26. -128.   35.    8.   24. -101.   -4.  -46. -118.
  -58.  -52.  -63.  -69.   62.  -50.  -22.  -58.  -22.   -2.   -5.    0.
  -99.  -21.  -11.   15.   39.    9.   44.   -3.  -45.  -78.  -88.  -37.
  -30.    6. -100.  -25.  -30.  -14.    3.  -51.  -17.    3.  -83. -128.
  -50.  -80.  -51.   78.   26.  -14.  -40.  -32.  -73.   51. -104.    6.
    8.  -97.  -61.  -29.]

