Layer Name: conv2d_60
Layer Shape: (None, 26, 26, 84)
Layer weights: [ -22.  -66.   -4.   37.   -5.   27.  -21.   -9.   86.  -11.  -64.  -36.
  -46.  -41.   13.  -41.  -92.  -23.  -39.   16.   41.   16.    7.  -11.
   25.    3.   14.   35.   29.   28.   10.  -37.  -39.  -23.  -58.   28.
    8.   34.  -10.    8.   80.   31.   -2.   32.    8.  -22.  -31.   -3.
   30.  -70.  -51.   26.  -51.   40.   27.   37.   47.  -65.   10.    7.
   55.   26.   39.   35.   70.  -48.   31.  -22.   42.   33.   50.   20.
   11.   32.  -17.  -66.   50.   53.  -13.  -30.  -78.  -16.  -32.   25.
   49.   36.  -65.  -54.   54.   -9.  -22.  -18.   85.  -46.   19.    2.
   53.   17.   60.  -35.   49.  -32.   -1.  -12.  -36.   36.    7.   41.
  -17.   54.    8.   37.   41.  -28.  -13.   70.   61.  -65.  -54.  -65.
   24.   67.  -64.    1.   23.    8.   25.  -46.   32.   67.  -47.   63.
   58.  -68.   51.   42.   20.   11.  -35.  -20.   18.  -64.    3.   19.
   38.   38.  -46.   16.   34.   62.   20.   49.  -28.  -80.  -76.    3.
    1.   -5.   -6.   -3.   -6.  -12.   24.  -21.   12.  -59.    8.  -12.
    7.   30.  -20.  -51.  -11.  -89.    3.   36.   18.   53.   21.  -21.
  -12.  112.  -32.   34.   -7.    0.  -27.   46.   40.  -49.   -9.  -11.
   41.  -33.   37.  -62.  -39.  -92.  -20.   30.   22.  -95.   73.   22.
  -56.  -50.   43.  -22.  -91.   25.   36.  -28.   -7.   87.  -50.   10.
  -52.    5.   79.  -60.   39.   31.   13.   -8.   19.   22.  -11.   20.
   -5.   32. -102.  -16.   66.   85.   37.  -35.    2.  -24.  -56.  -35.
   33.  -14.    9.   45.  -76.   18.   -6.  -18.  -59.  -87.  -20.   11.
   36.  -23.   13.   47.  -44.  -34.   55.   12.   25.   59.   25.   13.
   47.  -97.   -5.   13.  -15.   -4.    9.  -41.    7.   51.   62.  -21.
   60.  -35.   93.   72.  -18.  -19.   20.  -32.  -50.   22.   -7.   50.
  -18.   65.   67.   21.   39.  -60.  -53.  -11.   54.  -27.    6.  -53.
  -23.   18.   52.   -6.  -29.   -2.   64.    0.  -56.   48.   23.    0.
   56.  -10.  -41.   70.   86.   44.   27.   -2.   31.    6.   41.   30.
   34.   18.   68.   66.  101.  -73.    0.  -19.   87.   40.    9.   26.
   12.  -47.   20.   69.  -21. -115.  -18.   90.   71.   84.  -46.  -13.
   28.  -52.   21.   11.    9.  -74.   44.  -11.   31.  -14.  -44.   -7.
   30.   95.   84.  -82.  -54. -128.   37. -112.   -1.   86.  -43.   18.
   37.  -15.   55.    3.  -97.  -12.    3.  -12.    6.    0.  -13.  -61.
   80.   49.   75.  103.   -6.   14.   22.   -7.  -68.   79.  -39.  -22.
   55.   10.   33.  -52.   14.   74.  -41.  -70.   36.   17.  -54.   48.
   28.   58.  -36.   17.    2.  -32.   35.  -30.   36.  -51.   -7.  -20.
   22.  -19.   -5.   86.   90.   48.   -7.   95.  -36.  -12.  -47.  -38.
   35.  -64.   13.   22.   25.   18.   61.  -16.   41.    4.   -4.   29.
   41.  -75.  -61.   -1.   51.    1.   27. -105.   84.    5.   59.  -59.
   59.  -16.   55.   43.   -4.  -23.    6.   38.    8.   64.   63.   -8.
  -26.   74.   63.  -33.    2.   15.  -42.  -63.   21.   71.   47.    7.
   66.   33.   39.    4.  -54.   95.  -59.  -24.   42.   81.   64.   26.
  -29.   43.   10.   77.   -6.   18.   -4.   21.   93.   58.  -15.  -18.
  -19.   51.  -31.   25.  -30. -107.  -26.  -32.  104.    1.    9.  -13.
   47.  -43.  -41.  -26.   54.  123.   -4.   17.   38.   16.   94.   20.
  -35.  -63.   58.   72.   -8.  -55.   45.  -11.   24.  -68.  -22.   17.
  -32.  -37.   67.   20. -123.   28.  -13.   30.   20.    5.  -18.  -37.
  -48.   73.   34.   81.    2.   23.   57.    4.   55.  106.   11.    2.
  -42.    4. -101.  -25.  -12.  -76.   43.   33.  -89.   84.   52.    0.
   19.   23.   -6. -112.  112.  -14.   30.   -1.   80.   70.    2.  -34.
  -12.   23.    2.  127.   21.  -18.    8.  -82.  -18.  -14.   23.   -8.
   22. -110.    0.   62.   76.   -5.   35.   41.   12.    7.  -23.   26.
   19.  104.   31.   36.    0.  -23.   11.   23.   10.  -57.   21.  -33.
  -42.   24.   55.    3.  -32.   15.    2.  -20.  -29.  -31.   82.   19.
   49.   -7.  -10.   90.  -28.   21.   15.   13.   39.  -94.   47.   53.
  -57.  -34.   44.  -10.  -97.  -10.   -3.   19.   -3.  114.   71.  -28.
   -3.  -38.   -1.  -76.   36.   21.   33.   15.  -68.  -60.   37.   27.
  -13.    2.   70.   -6.   85.   78.   20.  -27.  -47.  -82.   41.  -33.
  -74.  -26.   45.   -2.  -86.  -38.    0.   21.  -25.  -10.  -31.   20.
  -14.    1.   16.   17.   61.  108.   82.   38.   59.   95.  -83.  -20.
   64.   24.   25.  -34.   67.    8.   48.    0.   43.  -45.   24.  -44.
   42.  -66.  -52.   19.   -2.    9.  -83.   26.   -8.  -89.    1.  -49.
   10.   24.   64.   25.  -12.   42.    9.   35.   32.  107.   41.  -28.
   38.   19.  -28.  -68.   36.   53.  -12.    0.  -87.   43.   75.   16.]
Layer bias: [ -75.  -62.  -45.    8.  -16.  -53.  -79.   28.   28. -123.  -62.   13.
   16.  -20. -128. -103.   15.   20.  -18.  -94.  -86.    0.   -4.  -62.
  -62.    0.   39.  -30.  -54.   50.  -30. -128.  -57.  -33.  -49.  -74.
    7. -128.    3.  -93. -128.  -63. -121. -128. -128.  -23.  -69. -105.
 -128.   16.   -8.    1.  -64.  -87.   10.  -54. -128.   -5.  -89. -117.
  -29. -128.    1. -128.   22.  -12. -128. -119.  -86.   13.   12.  -77.
  -66. -128.  -54.  -40.   19. -115.  -68.    7.   14.   50.  -50.  -31.]

Layer Name: conv2d_61
Layer Shape: (None, 24, 24, 32)
Layer weights: [  4. -22. -10. ...  20.   3. -19.]
Layer bias: [-128.  -43. -128.  -36.  -33. -122.  -51.  -26.  -36.  -24.  -40.  -41.
  -69.    4.  -26.    7. -111.  -21.  -26.   63.  -26. -128.   -6.  -79.
  -82.   87.  -80.  -30.  -41.   -5.  -51.   25.]

Layer Name: conv2d_62
Layer Shape: (None, 22, 22, 132)
Layer weights: [ 34.   8. -45. ...   5.  63. -11.]
Layer bias: [ -19.  -86.  111.  -68.   85.  -51.  -60.  -12.   -4.   26.  -87.  -68.
  -31.  -32.  -52.  -55.  -29.  -49.  -42.  -83.  -99.  -76.  -64.  -63.
  -94.   -8.  -78.  -78.  -51.  -51.  -56.  -39.  -22.  -75.  -75.  -78.
  -95.  -65.  -33. -110.  -78.  -42.  -48.  -29.  -28.  -37.  -73.  -51.
  -34.  -53. -106.   35.  -76.  -62.  -48.  -30.  -48.  -33.   50.  -51.
  -29.  -98. -102.    3.   54.   10.  -17.  -70. -128.  -75.   -9.  -72.
   57.  -82.  -36.   -8.   12.  -70.  -71.   13.  -44.  -87.   78.  -62.
 -128.  -46.  -84.  -69.  -21.  -20.   42.  -22.   13.  -14. -100.  -67.
 -114.  -83.  -78.  -46.    6. -103.   48.  -57.  -10.  -32.  -59.  -55.
 -128.  -33.  -80.   -8.  -17.   26.  -18.  -62.   12.  -28.  -48.   -1.
  -46.  -12.  -87.   96.   38. -102.    1. -115.  -55.  -18.   77.  -63.]

Layer Name: conv2d_63
Layer Shape: (None, 20, 20, 64)
Layer weights: [ 48. -39.  38. ...  15.  14.  46.]
Layer bias: [  99.   79.  -62.  -35.  -31.   95.  -54.   67.   16.   33.  -26.  -55.
   67.   71.  -50.  -95.  -25.  119.  -17.   75.  -21.   22.   69.   33.
  -76.  -33.   78.  -56.    8.  -25.   75.  -35.   -8.   -9.  -59.   80.
  -47.  -43.   80.   72.  -96. -106.  -73.   -7.  -22.  -32.  -68.  -59.
  -14.  -68.    6.   -5.   40.   46.  -14. -128.  -68.   29.  -17. -112.
   -3.  -69.   12.  111.]

Layer Name: conv2d_64
Layer Shape: (None, 18, 18, 118)
Layer weights: [ 30. -28.  28. ...  -4. -15.  40.]
Layer bias: [ 45.  16. -28. -41. -34.  29.  55.  54. -49.   7.  89.   2.  47.  20.
 -12. -35.  66. -19. -45.  42.  42. -40.  78. -44.  68. -31. -50. 113.
 -60.   7. -30.  43.  29. -57.  48.  27. -33. -64.   2.  64.  32.  -9.
  25.  21. -14.  -9. -53.   5. -35. -30. -46.  71.  17.  36.  23.  -8.
  47. -41. -28.   7.  -4.  15. -28.  29. -65.  35.  12.  18.  -7. -71.
  29. -18.   5.   9.  53.  -7. -30.  -2. -46.  32. -70. -37. -22.  26.
   6.  40. -54.  22. 127. -34.  -3. -73.  32.  17.  30.   7. -95.  40.
 -47. -30. -41. -51. -26.  54.   2.   7. -23. -40.  18. -52.  29. -52.
 -14.  65.  10.  34.  -2. -43.]

Layer Name: dense_12
Layer Shape: (None, 10)
Layer weights: [43. 14. 56. ... 48. 48. 50.]
Layer bias: [  36.  127.  -48.  -94.   70. -103.  -41.   69.   61.  -86.]

